 -0.57735026 -0.57735026 -0.57735026
-0.69555438 -0.69555438 -0.18002272
-0.67750210 -0.67750210 0.28632474
-0.65285772 -0.41964886 0.63061213
-0.91816473 -0.38803318 0.08002333
-0.87855148 -0.30048230 -0.37129191
-0.70576775 -0.06151171 -0.70576775
-0.91816473 -0.08002333 0.38803318
-0.99622345 0.00000000 -0.08682659
-0.70315254 0.12210116 0.70047683
-0.83161193 0.28442803 -0.47699299
-0.91816473 0.38803318 0.08002333
-0.72297376 0.51121968 0.46471858
-0.71825969 0.65096432 -0.24565928
-0.52646101 0.55658609 -0.64269024
-0.60823208 0.77957886 0.14936697
-0.41351810 0.47436848 0.77715981
-0.38803318 -0.91816473 0.08002333
-0.32619241 -0.77183700 0.54577118
-0.37129191 -0.30048230 -0.87855148
-0.41638708 -0.17108788 0.89294499
-0.38439545 0.15794294 -0.90955710
-0.30048230 -0.87855148 -0.37129191
-0.35953042 0.86108989 -0.35953042
-0.33570325 0.80402285 0.49076533
-0.12393434 -0.68939036 -0.71370947
-0.17423108 0.17423108 0.96916825
-0.21972442 0.96930856 0.11028186
-0.12393434 0.68939036 -0.71370947
-0.07490680 -0.55244964 0.83017367
0.00000000 -0.99622345 -0.08682659
0.00000000 -0.08682659 -0.99622345
0.57735026 0.57735026 0.57735026
0.00000000 0.60343230 0.79741424
0.08002333 -0.91816473 0.38803318
0.22157060 -0.86949641 -0.44145492
0.22157060 -0.44145492 -0.86949641
0.44857866 -0.89374334 0.00000000
0.33446443 -0.66638339 0.66638339
0.09402929 -0.18734296 0.97778380
0.57735026 -0.57735026 -0.57735026
0.44857866 0.00000000 -0.89374334
1.00000000 0.00000000 0.00000000
0.70710677 0.00000000 0.70710677
0.57735026 0.57735026 -0.57735026
0.70710677 0.70710677 0.00000000
0.30402839 0.30402839 0.90284741
0.16247572 0.32371491 -0.93209994
0.30402839 0.90284741 -0.30402839
0.30402839 0.90284741 0.30402839
0.66638339 -0.66638339 0.33446443
0.89374334 -0.44857866 0.00000000
0.89374334 0.00000000 -0.44857866
0.90284741 0.30402839 0.30402839
0.87865782 -0.26601046 0.39648312
0.87865782 0.39648312 -0.26601046
 
